 Number of clumps:          19
 Number of sinks:          19
           1 ,       36279   136.241926046117      ,  -68.2775936526468      ,  -174.361221013287      , -0.105688476135573     
           2 ,       47349   139.779722947177      ,   68.2507406481367      ,   174.345857625947      ,  0.116756589097486     
           3 ,       53973   101.426111128839      ,   25.5396355239340      ,   169.417350834503      ,  0.212055002426613     
           4 ,       42016   147.569054203176      ,  -25.2561305535646      ,  -169.445189570907      , -0.211701366679850     
           5 ,       50050   157.233543582807      ,   164.045746898991      ,  -6.02988531481610      ,  0.227632106891756     
           6 ,       54535   118.342083012875      ,  -164.061989509827      ,   6.49019482437654      , -0.229611036966376     
           7 ,       77787   153.187006529182      ,   162.627612123623      ,   47.3962183858422      ,  9.738484697320146E-002
           8 ,       25891   168.220824829978      ,  -162.578205057705      ,  -47.5228500433484      , -0.101099479194144     
           9 ,       12668   284.439494361935      ,  -165.818234247061      ,  -4.82129271636214      , -0.185345558060126     
          10 ,       61719   307.554401440008      ,   165.772802678657      ,   4.19052678947275      ,  0.198850089616630     
          11 ,        4888   136.535514492370      ,  -28.9015037653361      ,  -207.255745903419      , -0.266492942300513     
          12 ,       70996   84.3391843508221      ,   29.3140993409385      ,   206.984012143101      ,  0.242439599301996     
          13 ,       74789   328.840669608276      ,  -173.174780798016      ,   67.4128447738822      , -0.159635953825197     
          14 ,       38261   215.658543510402      ,   173.041583794497      ,  -67.5291433130470      ,  0.158054006014638     
          15 ,        4691   151.413309570754      ,   143.632241846914      ,   133.813211335295      ,  0.122750994187038     
          16 ,       78081   130.132265371755      ,  -143.298661896513      ,  -134.563330912085      , -4.977570556801231E-002
          17 ,       31724   59.1888758443161      ,   34.7366288629707      ,   171.002128312659      ,  0.576797380818765     
          18 ,       71290   65.9671068086466      ,  -34.6052840419779      ,  -171.164897305600      , -0.510356345097388     
          19 ,       33777  1.000420796455309E-009 ,  -190.303137823623      ,   94.8582265615718      ,  0.105794417425807     
           1 , -5.766813740524616E-003 ,  1.332459326249796E-003 ,  1.103801741200621E-003
           2 ,  -114.359473450260      ,   126.922314068781      , -0.366929024345525     
           3 ,   112.967392441079      ,  -128.954322306959      ,  0.273866627902322     
           4 ,   67.0716870988476      ,   156.673948123011      ,  1.382075540123106E-002
           5 ,  -67.0628093286091      ,  -156.829315882551      ,  0.792731097670422     
           6 ,  -40.0368130508736      ,   183.834723648567      , -0.768377407623539     
           7 ,   38.0336358110524      ,  -185.316854234796      , -2.285789641243472E-002
           8 ,  -131.194949673447      ,  -73.9491173924609      ,  0.351904285863948     
           9 ,   133.897548033465      ,   74.8135964765452      , -0.321165084241588     
          10 ,   154.667058192976      ,   74.3821258195457      ,  8.073057380809814E-002
          11 ,  -154.704375195264      ,  -74.8257234171809      , -8.715349078194845E-002
          12 ,  -34.6006516027190      ,   217.422700403951      ,  0.305530044819000     
          13 ,   31.7590491231510      ,  -217.116895757471      , -0.251609282291076     
          14 ,   195.331079685268      ,  -13.4717474863723      ,  0.186414360257617     
          15 ,  -197.814258497992      ,   14.4550866147698      , -0.470464351576280     
          16 ,   126.992283159497      ,   155.230243260993      ,  0.127100355235681     
          17 ,  -127.313039645487      ,  -154.606503782174      ,  0.189166783865834     
          18 ,   23.4252120424688      ,   173.482061294899      ,  0.753654794971421     
          19 ,  -23.3210612206767      ,  -173.268616000269      , -0.271204840000906     
